  0.4350030E+05   0.5605085E+04   0.3398174E+03   0.5265269E+04
  0.4350060E+05   0.5605085E+04   0.3398824E+03   0.5265203E+04
  0.4350090E+05   0.5605085E+04   0.3399470E+03   0.5265139E+04
  0.4350120E+05   0.5605084E+04   0.3400113E+03   0.5265074E+04
  0.4350150E+05   0.5605085E+04   0.3400753E+03   0.5265009E+04
  0.4350180E+05   0.5605085E+04   0.3401389E+03   0.5264946E+04
  0.4350210E+05   0.5605085E+04   0.3402022E+03   0.5264883E+04
  0.4350240E+05   0.5605085E+04   0.3402651E+03   0.5264820E+04
  0.4350270E+05   0.5605085E+04   0.3403276E+03   0.5264757E+04
  0.4350300E+05   0.5605085E+04   0.3403897E+03   0.5264695E+04
  0.4350330E+05   0.5605085E+04   0.3404515E+03   0.5264633E+04
  0.4350360E+05   0.5605085E+04   0.3405128E+03   0.5264572E+04
  0.4350390E+05   0.5605085E+04   0.3405737E+03   0.5264511E+04
  0.4350420E+05   0.5605085E+04   0.3406343E+03   0.5264451E+04
  0.4350450E+05   0.5605085E+04   0.3406944E+03   0.5264391E+04
  0.4350480E+05   0.5605085E+04   0.3407540E+03   0.5264331E+04
  0.4350510E+05   0.5605085E+04   0.3408133E+03   0.5264272E+04
  0.4350540E+05   0.5605085E+04   0.3408720E+03   0.5264214E+04
  0.4350570E+05   0.5605086E+04   0.3409304E+03   0.5264156E+04
  0.4350600E+05   0.5605086E+04   0.3409882E+03   0.5264098E+04
  0.4350630E+05   0.5605087E+04   0.3410457E+03   0.5264041E+04
  0.4350660E+05   0.5605086E+04   0.3411026E+03   0.5263985E+04
  0.4350690E+05   0.5605088E+04   0.3411591E+03   0.5263928E+04
  0.4350720E+05   0.5605087E+04   0.3412151E+03   0.5263873E+04
  0.4350750E+05   0.5605088E+04   0.3412706E+03   0.5263817E+04
  0.4350780E+05   0.5605087E+04   0.3413256E+03   0.5263763E+04
  0.4350810E+05   0.5605088E+04   0.3413801E+03   0.5263708E+04
  0.4350840E+05   0.5605088E+04   0.3414341E+03   0.5263655E+04
  0.4350870E+05   0.5605089E+04   0.3414877E+03   0.5263600E+04
  0.4350900E+05   0.5605088E+04   0.3415407E+03   0.5263549E+04
  0.4350930E+05   0.5605089E+04   0.3415932E+03   0.5263495E+04
  0.4350960E+05   0.5605088E+04   0.3416453E+03   0.5263444E+04
  0.4350990E+05   0.5605089E+04   0.3416968E+03   0.5263392E+04
  0.4351020E+05   0.5605088E+04   0.3417478E+03   0.5263342E+04
  0.4351050E+05   0.5605090E+04   0.3417983E+03   0.5263291E+04
  0.4351080E+05   0.5605089E+04   0.3418483E+03   0.5263242E+04
  0.4351110E+05   0.5605090E+04   0.3418977E+03   0.5263191E+04
  0.4351140E+05   0.5605089E+04   0.3419467E+03   0.5263143E+04
  0.4351170E+05   0.5605090E+04   0.3419951E+03   0.5263094E+04
  0.4351200E+05   0.5605089E+04   0.3420430E+03   0.5263047E+04
  0.4351230E+05   0.5605090E+04   0.3420904E+03   0.5262998E+04
  0.4351260E+05   0.5605088E+04   0.3421373E+03   0.5262953E+04
  0.4351290E+05   0.5605089E+04   0.3421837E+03   0.5262905E+04
  0.4351320E+05   0.5605088E+04   0.3422295E+03   0.5262860E+04
  0.4351350E+05   0.5605089E+04   0.3422748E+03   0.5262814E+04
  0.4351380E+05   0.5605088E+04   0.3423196E+03   0.5262770E+04
  0.4351410E+05   0.5605089E+04   0.3423639E+03   0.5262724E+04
  0.4351440E+05   0.5605088E+04   0.3424076E+03   0.5262681E+04
  0.4351470E+05   0.5605088E+04   0.3424509E+03   0.5262637E+04
  0.4351500E+05   0.5605088E+04   0.3424936E+03   0.5262595E+04
  0.4351530E+05   0.5605088E+04   0.3425358E+03   0.5262552E+04
  0.4351560E+05   0.5605087E+04   0.3425775E+03   0.5262511E+04
  0.4351590E+05   0.5605088E+04   0.3426186E+03   0.5262469E+04
  0.4351620E+05   0.5605087E+04   0.3426593E+03   0.5262429E+04
  0.4351650E+05   0.5605087E+04   0.3426994E+03   0.5262388E+04
  0.4351680E+05   0.5605087E+04   0.3427390E+03   0.5262348E+04
  0.4351710E+05   0.5605086E+04   0.3427781E+03   0.5262308E+04
  0.4351740E+05   0.5605086E+04   0.3428167E+03   0.5262270E+04
  0.4351770E+05   0.5605086E+04   0.3428547E+03   0.5262231E+04
  0.4351800E+05   0.5605085E+04   0.3428922E+03   0.5262193E+04
  0.4351830E+05   0.5605086E+04   0.3429293E+03   0.5262156E+04
  0.4351860E+05   0.5605085E+04   0.3429658E+03   0.5262120E+04
  0.4351890E+05   0.5605085E+04   0.3430018E+03   0.5262083E+04
  0.4351920E+05   0.5605085E+04   0.3430373E+03   0.5262047E+04
  0.4351950E+05   0.5605084E+04   0.3430724E+03   0.5262012E+04
  0.4351980E+05   0.5605083E+04   0.3431069E+03   0.5261977E+04
  0.4352010E+05   0.5605083E+04   0.3431409E+03   0.5261942E+04
  0.4352040E+05   0.5605082E+04   0.3431745E+03   0.5261908E+04
  0.4352070E+05   0.5605082E+04   0.3432075E+03   0.5261874E+04
  0.4352100E+05   0.5605081E+04   0.3432401E+03   0.5261841E+04
  0.4352130E+05   0.5605081E+04   0.3432722E+03   0.5261809E+04
  0.4352160E+05   0.5605080E+04   0.3433039E+03   0.5261777E+04
  0.4352190E+05   0.5605080E+04   0.3433350E+03   0.5261745E+04
  0.4352220E+05   0.5605079E+04   0.3433657E+03   0.5261714E+04
  0.4352250E+05   0.5605078E+04   0.3433960E+03   0.5261683E+04
  0.4352280E+05   0.5605078E+04   0.3434257E+03   0.5261652E+04
  0.4352310E+05   0.5605077E+04   0.3434551E+03   0.5261622E+04
  0.4352340E+05   0.5605077E+04   0.3434839E+03   0.5261593E+04
  0.4352370E+05   0.5605076E+04   0.3435123E+03   0.5261564E+04
  0.4352400E+05   0.5605075E+04   0.3435403E+03   0.5261535E+04
  0.4352430E+05   0.5605075E+04   0.3435678E+03   0.5261507E+04
  0.4352460E+05   0.5605073E+04   0.3435948E+03   0.5261480E+04
  0.4352490E+05   0.5605074E+04   0.3436214E+03   0.5261451E+04
  0.4352520E+05   0.5605072E+04   0.3436476E+03   0.5261426E+04
  0.4352550E+05   0.5605072E+04   0.3436734E+03   0.5261398E+04
  0.4352580E+05   0.5605071E+04   0.3436987E+03   0.5261373E+04
  0.4352610E+05   0.5605070E+04   0.3437236E+03   0.5261347E+04
  0.4352640E+05   0.5605071E+04   0.3437480E+03   0.5261322E+04
  0.4352670E+05   0.5605070E+04   0.3437721E+03   0.5261298E+04
  0.4352700E+05   0.5605070E+04   0.3437957E+03   0.5261273E+04
  0.4352730E+05   0.5605068E+04   0.3438190E+03   0.5261250E+04
  0.4352760E+05   0.5605069E+04   0.3438418E+03   0.5261226E+04
  0.4352790E+05   0.5605068E+04   0.3438642E+03   0.5261204E+04
  0.4352820E+05   0.5605067E+04   0.3438863E+03   0.5261181E+04
  0.4352850E+05   0.5605067E+04   0.3439079E+03   0.5261159E+04
  0.4352880E+05   0.5605066E+04   0.3439292E+03   0.5261137E+04
  0.4352910E+05   0.5605065E+04   0.3439500E+03   0.5261115E+04
  0.4352940E+05   0.5605065E+04   0.3439705E+03   0.5261094E+04
  0.4352970E+05   0.5605064E+04   0.3439906E+03   0.5261074E+04
  0.4353000E+05   0.5605063E+04   0.3440103E+03   0.5261053E+04
  0.4353030E+05   0.5605063E+04   0.3440296E+03   0.5261033E+04
  0.4353060E+05   0.5605061E+04   0.3440485E+03   0.5261014E+04
  0.4353090E+05   0.5605062E+04   0.3440671E+03   0.5260993E+04
  0.4353120E+05   0.5605060E+04   0.3440853E+03   0.5260976E+04
  0.4353150E+05   0.5605060E+04   0.3441031E+03   0.5260956E+04
  0.4353180E+05   0.5605059E+04   0.3441206E+03   0.5260939E+04
  0.4353210E+05   0.5605059E+04   0.3441378E+03   0.5260920E+04
  0.4353240E+05   0.5605058E+04   0.3441546E+03   0.5260904E+04
  0.4353270E+05   0.5605058E+04   0.3441710E+03   0.5260886E+04
  0.4353300E+05   0.5605057E+04   0.3441871E+03   0.5260870E+04
  0.4353330E+05   0.5605057E+04   0.3442028E+03   0.5260853E+04
  0.4353360E+05   0.5605057E+04   0.3442182E+03   0.5260838E+04
  0.4353390E+05   0.5605056E+04   0.3442333E+03   0.5260823E+04
  0.4353420E+05   0.5605056E+04   0.3442480E+03   0.5260807E+04
  0.4353450E+05   0.5605056E+04   0.3442624E+03   0.5260793E+04
  0.4353480E+05   0.5605055E+04   0.3442765E+03   0.5260778E+04
  0.4353510E+05   0.5605055E+04   0.3442902E+03   0.5260764E+04
  0.4353540E+05   0.5605055E+04   0.3443036E+03   0.5260750E+04
  0.4353570E+05   0.5605054E+04   0.3443167E+03   0.5260737E+04
  0.4353600E+05   0.5605054E+04   0.3443295E+03   0.5260724E+04
  0.4353630E+05   0.5605054E+04   0.3443419E+03   0.5260711E+04
  0.4353660E+05   0.5605053E+04   0.3443540E+03   0.5260698E+04
  0.4353690E+05   0.5605053E+04   0.3443659E+03   0.5260686E+04
  0.4353720E+05   0.5605053E+04   0.3443774E+03   0.5260675E+04
  0.4353750E+05   0.5605053E+04   0.3443886E+03   0.5260663E+04
  0.4353780E+05   0.5605051E+04   0.3443995E+03   0.5260652E+04
  0.4353810E+05   0.5605052E+04   0.3444101E+03   0.5260640E+04
  0.4353840E+05   0.5605051E+04   0.3444204E+03   0.5260631E+04
  0.4353870E+05   0.5605052E+04   0.3444304E+03   0.5260619E+04
  0.4353900E+05   0.5605051E+04   0.3444401E+03   0.5260610E+04
  0.4353930E+05   0.5605051E+04   0.3444496E+03   0.5260600E+04
  0.4353960E+05   0.5605050E+04   0.3444587E+03   0.5260590E+04
  0.4353990E+05   0.5605050E+04   0.3444675E+03   0.5260581E+04
  0.4354020E+05   0.5605050E+04   0.3444761E+03   0.5260572E+04
  0.4354050E+05   0.5605049E+04   0.3444843E+03   0.5260564E+04
  0.4354080E+05   0.5605049E+04   0.3444923E+03   0.5260556E+04
  0.4354110E+05   0.5605049E+04   0.3445000E+03   0.5260548E+04
  0.4354140E+05   0.5605049E+04   0.3445074E+03   0.5260540E+04
  0.4354170E+05   0.5605048E+04   0.3445146E+03   0.5260533E+04
  0.4354200E+05   0.5605049E+04   0.3445214E+03   0.5260525E+04
  0.4354230E+05   0.5605048E+04   0.3445280E+03   0.5260520E+04
  0.4354260E+05   0.5605049E+04   0.3445342E+03   0.5260513E+04
  0.4354290E+05   0.5605047E+04   0.3445402E+03   0.5260507E+04
  0.4354320E+05   0.5605048E+04   0.3445459E+03   0.5260500E+04
  0.4354350E+05   0.5605047E+04   0.3445513E+03   0.5260495E+04
  0.4354380E+05   0.5605047E+04   0.3445565E+03   0.5260489E+04
  0.4354410E+05   0.5605046E+04   0.3445613E+03   0.5260485E+04
  0.4354440E+05   0.5605047E+04   0.3445658E+03   0.5260479E+04
  0.4354470E+05   0.5605046E+04   0.3445700E+03   0.5260475E+04
  0.4354500E+05   0.5605045E+04   0.3445739E+03   0.5260471E+04
  0.4354530E+05   0.5605045E+04   0.3445774E+03   0.5260466E+04
  0.4354560E+05   0.5605044E+04   0.3445807E+03   0.5260462E+04
  0.4354590E+05   0.5605044E+04   0.3445836E+03   0.5260459E+04
  0.4354620E+05   0.5605045E+04   0.3445862E+03   0.5260457E+04
  0.4354650E+05   0.5605045E+04   0.3445885E+03   0.5260455E+04
  0.4354680E+05   0.5605043E+04   0.3445904E+03   0.5260453E+04
  0.4354710E+05   0.5605043E+04   0.3445921E+03   0.5260450E+04
  0.4354740E+05   0.5605043E+04   0.3445934E+03   0.5260448E+04
  0.4354770E+05   0.5605042E+04   0.3445943E+03   0.5260447E+04
  0.4354800E+05   0.5605042E+04   0.3445949E+03   0.5260446E+04
  0.4354830E+05   0.5605041E+04   0.3445952E+03   0.5260445E+04
  0.4354860E+05   0.5605041E+04   0.3445951E+03   0.5260445E+04
  0.4354890E+05   0.5605040E+04   0.3445946E+03   0.5260445E+04
  0.4354920E+05   0.5605040E+04   0.3445938E+03   0.5260445E+04
  0.4354950E+05   0.5605039E+04   0.3445927E+03   0.5260446E+04
  0.4354980E+05   0.5605039E+04   0.3445911E+03   0.5260447E+04
  0.4355010E+05   0.5605038E+04   0.3445892E+03   0.5260448E+04
  0.4355040E+05   0.5605038E+04   0.3445868E+03   0.5260450E+04
  0.4355070E+05   0.5605037E+04   0.3445841E+03   0.5260453E+04
  0.4355100E+05   0.5605037E+04   0.3445810E+03   0.5260455E+04
  0.4355130E+05   0.5605036E+04   0.3445775E+03   0.5260458E+04
  0.4355160E+05   0.5605036E+04   0.3445735E+03   0.5260462E+04
  0.4355190E+05   0.5605035E+04   0.3445692E+03   0.5260466E+04
  0.4355220E+05   0.5605035E+04   0.3445644E+03   0.5260470E+04
  0.4355250E+05   0.5605034E+04   0.3445591E+03   0.5260475E+04
  0.4355280E+05   0.5605034E+04   0.3445534E+03   0.5260480E+04
  0.4355310E+05   0.5605033E+04   0.3445473E+03   0.5260485E+04
  0.4355340E+05   0.5605032E+04   0.3445407E+03   0.5260491E+04
  0.4355370E+05   0.5605032E+04   0.3445336E+03   0.5260498E+04
  0.4355400E+05   0.5605031E+04   0.3445260E+03   0.5260505E+04
  0.4355430E+05   0.5605031E+04   0.3445180E+03   0.5260512E+04
  0.4355460E+05   0.5605030E+04   0.3445094E+03   0.5260520E+04
  0.4355490E+05   0.5605029E+04   0.3445003E+03   0.5260529E+04
  0.4355520E+05   0.5605029E+04   0.3444908E+03   0.5260538E+04
  0.4355550E+05   0.5605029E+04   0.3444806E+03   0.5260547E+04
  0.4355580E+05   0.5605027E+04   0.3444700E+03   0.5260558E+04
  0.4355610E+05   0.5605027E+04   0.3444588E+03   0.5260568E+04
  0.4355640E+05   0.5605027E+04   0.3444470E+03   0.5260580E+04
  0.4355670E+05   0.5605026E+04   0.3444347E+03   0.5260591E+04
  0.4355700E+05   0.5605025E+04   0.3444218E+03   0.5260603E+04
  0.4355730E+05   0.5605023E+04   0.3444083E+03   0.5260616E+04
  0.4355760E+05   0.5605023E+04   0.3443942E+03   0.5260628E+04
  0.4355790E+05   0.5605023E+04   0.3443795E+03   0.5260643E+04
  0.4355820E+05   0.5605022E+04   0.3443641E+03   0.5260658E+04
  0.4355850E+05   0.5605021E+04   0.3443482E+03   0.5260673E+04
  0.4355880E+05   0.5605020E+04   0.3443316E+03   0.5260689E+04
  0.4355910E+05   0.5605020E+04   0.3443143E+03   0.5260705E+04
  0.4355940E+05   0.5605019E+04   0.3442964E+03   0.5260723E+04
  0.4355970E+05   0.5605018E+04   0.3442778E+03   0.5260740E+04
  0.4356000E+05   0.5605017E+04   0.3442585E+03   0.5260759E+04
  0.4356030E+05   0.5605017E+04   0.3442385E+03   0.5260778E+04
  0.4356060E+05   0.5605016E+04   0.3442179E+03   0.5260798E+04
  0.4356090E+05   0.5605014E+04   0.3441965E+03   0.5260819E+04
  0.4356120E+05   0.5605015E+04   0.3441744E+03   0.5260839E+04
  0.4356150E+05   0.5605014E+04   0.3441516E+03   0.5260863E+04
  0.4356180E+05   0.5605014E+04   0.3441280E+03   0.5260886E+04
  0.4356210E+05   0.5605014E+04   0.3441037E+03   0.5260910E+04
  0.4356240E+05   0.5605013E+04   0.3440786E+03   0.5260935E+04
  0.4356270E+05   0.5605013E+04   0.3440528E+03   0.5260960E+04
  0.4356300E+05   0.5605012E+04   0.3440261E+03   0.5260986E+04
  0.4356330E+05   0.5605012E+04   0.3439987E+03   0.5261013E+04
  0.4356360E+05   0.5605012E+04   0.3439705E+03   0.5261041E+04
  0.4356390E+05   0.5605012E+04   0.3439415E+03   0.5261070E+04
  0.4356420E+05   0.5605011E+04   0.3439117E+03   0.5261099E+04
  0.4356450E+05   0.5605011E+04   0.3438810E+03   0.5261130E+04
  0.4356480E+05   0.5605011E+04   0.3438495E+03   0.5261161E+04
  0.4356510E+05   0.5605010E+04   0.3438171E+03   0.5261193E+04
  0.4356540E+05   0.5605010E+04   0.3437839E+03   0.5261226E+04
  0.4356570E+05   0.5605010E+04   0.3437498E+03   0.5261260E+04
  0.4356600E+05   0.5605010E+04   0.3437149E+03   0.5261295E+04
  0.4356630E+05   0.5605009E+04   0.3436791E+03   0.5261330E+04
  0.4356660E+05   0.5605009E+04   0.3436423E+03   0.5261367E+04
  0.4356690E+05   0.5605009E+04   0.3436048E+03   0.5261404E+04
  0.4356720E+05   0.5605009E+04   0.3435663E+03   0.5261442E+04
  0.4356750E+05   0.5605009E+04   0.3435269E+03   0.5261482E+04
  0.4356780E+05   0.5605009E+04   0.3434866E+03   0.5261522E+04
  0.4356810E+05   0.5605008E+04   0.3434454E+03   0.5261563E+04
  0.4356840E+05   0.5605008E+04   0.3434033E+03   0.5261605E+04
  0.4356870E+05   0.5605008E+04   0.3433603E+03   0.5261648E+04
  0.4356900E+05   0.5605008E+04   0.3433164E+03   0.5261691E+04
  0.4356930E+05   0.5605008E+04   0.3432716E+03   0.5261736E+04
  0.4356960E+05   0.5605008E+04   0.3432259E+03   0.5261782E+04
  0.4356990E+05   0.5605008E+04   0.3431793E+03   0.5261828E+04
  0.4357020E+05   0.5605008E+04   0.3431317E+03   0.5261876E+04
  0.4357050E+05   0.5605008E+04   0.3430833E+03   0.5261924E+04
  0.4357080E+05   0.5605008E+04   0.3430340E+03   0.5261973E+04
  0.4357110E+05   0.5605007E+04   0.3429838E+03   0.5262023E+04
  0.4357140E+05   0.5605008E+04   0.3429327E+03   0.5262074E+04
  0.4357170E+05   0.5605007E+04   0.3428806E+03   0.5262127E+04
  0.4357200E+05   0.5605007E+04   0.3428277E+03   0.5262179E+04
  0.4357230E+05   0.5605006E+04   0.3427739E+03   0.5262233E+04
  0.4357260E+05   0.5605006E+04   0.3427192E+03   0.5262287E+04
  0.4357290E+05   0.5605005E+04   0.3426635E+03   0.5262342E+04
  0.4357320E+05   0.5605006E+04   0.3426070E+03   0.5262398E+04
  0.4357350E+05   0.5605004E+04   0.3425496E+03   0.5262455E+04
  0.4357380E+05   0.5605005E+04   0.3424913E+03   0.5262513E+04
  0.4357410E+05   0.5605003E+04   0.3424321E+03   0.5262572E+04
  0.4357440E+05   0.5605004E+04   0.3423720E+03   0.5262631E+04
  0.4357470E+05   0.5605002E+04   0.3423111E+03   0.5262692E+04
  0.4357500E+05   0.5605002E+04   0.3422493E+03   0.5262752E+04
  0.4357530E+05   0.5605001E+04   0.3421867E+03   0.5262814E+04
  0.4357560E+05   0.5605001E+04   0.3421232E+03   0.5262877E+04
  0.4357590E+05   0.5605000E+04   0.3420588E+03   0.5262941E+04
  0.4357620E+05   0.5604999E+04   0.3419937E+03   0.5263006E+04
  0.4357650E+05   0.5604999E+04   0.3419277E+03   0.5263071E+04
  0.4357680E+05   0.5604999E+04   0.3418610E+03   0.5263137E+04
  0.4357710E+05   0.5604997E+04   0.3417935E+03   0.5263205E+04
  0.4357740E+05   0.5604997E+04   0.3417252E+03   0.5263272E+04
  0.4357770E+05   0.5604996E+04   0.3416562E+03   0.5263340E+04
  0.4357800E+05   0.5604995E+04   0.3415864E+03   0.5263409E+04
  0.4357830E+05   0.5604995E+04   0.3415159E+03   0.5263478E+04
  0.4357860E+05   0.5604994E+04   0.3414446E+03   0.5263550E+04
  0.4357890E+05   0.5604993E+04   0.3413727E+03   0.5263621E+04
  0.4357920E+05   0.5604993E+04   0.3413001E+03   0.5263693E+04
  0.4357950E+05   0.5604992E+04   0.3412267E+03   0.5263765E+04
  0.4357980E+05   0.5604991E+04   0.3411528E+03   0.5263839E+04
  0.4358010E+05   0.5604990E+04   0.3410781E+03   0.5263913E+04
  0.4358040E+05   0.5604990E+04   0.3410028E+03   0.5263987E+04
  0.4358070E+05   0.5604989E+04   0.3409269E+03   0.5264062E+04
  0.4358100E+05   0.5604988E+04   0.3408504E+03   0.5264138E+04
  0.4358130E+05   0.5604988E+04   0.3407732E+03   0.5264215E+04
  0.4358160E+05   0.5604987E+04   0.3406954E+03   0.5264292E+04
  0.4358190E+05   0.5604986E+04   0.3406171E+03   0.5264369E+04
  0.4358220E+05   0.5604985E+04   0.3405382E+03   0.5264447E+04
  0.4358250E+05   0.5604985E+04   0.3404588E+03   0.5264526E+04
  0.4358280E+05   0.5604984E+04   0.3403788E+03   0.5264605E+04
  0.4358310E+05   0.5604983E+04   0.3402983E+03   0.5264685E+04
  0.4358340E+05   0.5604982E+04   0.3402172E+03   0.5264765E+04
  0.4358370E+05   0.5604981E+04   0.3401357E+03   0.5264846E+04
  0.4358400E+05   0.5604981E+04   0.3400537E+03   0.5264927E+04
  0.4358430E+05   0.5604980E+04   0.3399712E+03   0.5265009E+04
  0.4358460E+05   0.5604979E+04   0.3398883E+03   0.5265091E+04
  0.4358490E+05   0.5604978E+04   0.3398049E+03   0.5265173E+04
  0.4358520E+05   0.5604977E+04   0.3397211E+03   0.5265256E+04
  0.4358550E+05   0.5604976E+04   0.3396369E+03   0.5265340E+04
  0.4358580E+05   0.5604975E+04   0.3395522E+03   0.5265423E+04
  0.4358610E+05   0.5604974E+04   0.3394672E+03   0.5265507E+04
  0.4358640E+05   0.5604973E+04   0.3393818E+03   0.5265592E+04
  0.4358670E+05   0.5604973E+04   0.3392960E+03   0.5265677E+04
  0.4358700E+05   0.5604972E+04   0.3392099E+03   0.5265762E+04
  0.4358730E+05   0.5604971E+04   0.3391234E+03   0.5265848E+04
  0.4358760E+05   0.5604970E+04   0.3390366E+03   0.5265934E+04
  0.4358790E+05   0.5604970E+04   0.3389495E+03   0.5266020E+04
  0.4358820E+05   0.5604968E+04   0.3388622E+03   0.5266107E+04
  0.4358850E+05   0.5604968E+04   0.3387745E+03   0.5266193E+04
  0.4358880E+05   0.5604967E+04   0.3386867E+03   0.5266281E+04
  0.4358910E+05   0.5604966E+04   0.3385986E+03   0.5266368E+04
  0.4358940E+05   0.5604967E+04   0.3385103E+03   0.5266455E+04
  0.4358970E+05   0.5604966E+04   0.3384218E+03   0.5266544E+04
  0.4359000E+05   0.5604965E+04   0.3383331E+03   0.5266632E+04
  0.4359030E+05   0.5604964E+04   0.3382443E+03   0.5266720E+04
  0.4359060E+05   0.5604965E+04   0.3381553E+03   0.5266808E+04
  0.4359090E+05   0.5604964E+04   0.3380663E+03   0.5266898E+04
  0.4359120E+05   0.5604964E+04   0.3379771E+03   0.5266986E+04
  0.4359150E+05   0.5604962E+04   0.3378878E+03   0.5267075E+04
  0.4359180E+05   0.5604963E+04   0.3377985E+03   0.5267163E+04
  0.4359210E+05   0.5604961E+04   0.3377091E+03   0.5267253E+04
  0.4359240E+05   0.5604962E+04   0.3376197E+03   0.5267341E+04
  0.4359270E+05   0.5604961E+04   0.3375302E+03   0.5267431E+04
  0.4359300E+05   0.5604962E+04   0.3374407E+03   0.5267520E+04
  0.4359330E+05   0.5604961E+04   0.3373512E+03   0.5267610E+04
  0.4359360E+05   0.5604960E+04   0.3372618E+03   0.5267698E+04
  0.4359390E+05   0.5604960E+04   0.3371723E+03   0.5267787E+04
  0.4359420E+05   0.5604960E+04   0.3370829E+03   0.5267876E+04
  0.4359450E+05   0.5604960E+04   0.3369935E+03   0.5267966E+04
  0.4359480E+05   0.5604961E+04   0.3369042E+03   0.5268055E+04
  0.4359510E+05   0.5604960E+04   0.3368150E+03   0.5268145E+04
  0.4359540E+05   0.5604959E+04   0.3367259E+03   0.5268233E+04
  0.4359570E+05   0.5604959E+04   0.3366370E+03   0.5268322E+04
  0.4359600E+05   0.5604959E+04   0.3365481E+03   0.5268410E+04
  0.4359630E+05   0.5604958E+04   0.3364594E+03   0.5268499E+04
  0.4359660E+05   0.5604958E+04   0.3363709E+03   0.5268587E+04
  0.4359690E+05   0.5604958E+04   0.3362825E+03   0.5268675E+04
  0.4359720E+05   0.5604958E+04   0.3361944E+03   0.5268763E+04
  0.4359750E+05   0.5604957E+04   0.3361064E+03   0.5268851E+04
  0.4359780E+05   0.5604957E+04   0.3360187E+03   0.5268938E+04
  0.4359810E+05   0.5604956E+04   0.3359312E+03   0.5269025E+04
  0.4359840E+05   0.5604956E+04   0.3358440E+03   0.5269112E+04
  0.4359870E+05   0.5604956E+04   0.3357570E+03   0.5269199E+04
  0.4359900E+05   0.5604955E+04   0.3356704E+03   0.5269285E+04
  0.4359930E+05   0.5604955E+04   0.3355840E+03   0.5269371E+04
  0.4359960E+05   0.5604954E+04   0.3354979E+03   0.5269456E+04
  0.4359990E+05   0.5604954E+04   0.3354122E+03   0.5269541E+04
  0.4360020E+05   0.5604954E+04   0.3353269E+03   0.5269626E+04
  0.4360050E+05   0.5604952E+04   0.3352419E+03   0.5269712E+04
  0.4360080E+05   0.5604952E+04   0.3351573E+03   0.5269795E+04
  0.4360110E+05   0.5604952E+04   0.3350732E+03   0.5269879E+04
  0.4360140E+05   0.5604951E+04   0.3349894E+03   0.5269962E+04
  0.4360170E+05   0.5604950E+04   0.3349061E+03   0.5270045E+04
  0.4360200E+05   0.5604949E+04   0.3348232E+03   0.5270127E+04
  0.4360230E+05   0.5604948E+04   0.3347408E+03   0.5270208E+04
  0.4360260E+05   0.5604947E+04   0.3346589E+03   0.5270288E+04
  0.4360290E+05   0.5604945E+04   0.3345774E+03   0.5270369E+04
  0.4360320E+05   0.5604946E+04   0.3344965E+03   0.5270448E+04
  0.4360350E+05   0.5604944E+04   0.3344161E+03   0.5270529E+04
  0.4360380E+05   0.5604944E+04   0.3343363E+03   0.5270607E+04
  0.4360410E+05   0.5604943E+04   0.3342570E+03   0.5270686E+04
  0.4360440E+05   0.5604942E+04   0.3341783E+03   0.5270764E+04
  0.4360470E+05   0.5604941E+04   0.3341002E+03   0.5270842E+04
  0.4360500E+05   0.5604940E+04   0.3340226E+03   0.5270918E+04
  0.4360530E+05   0.5604940E+04   0.3339458E+03   0.5270994E+04
  0.4360560E+05   0.5604939E+04   0.3338695E+03   0.5271070E+04
  0.4360590E+05   0.5604938E+04   0.3337939E+03   0.5271144E+04
  0.4360620E+05   0.5604937E+04   0.3337190E+03   0.5271218E+04
  0.4360650E+05   0.5604936E+04   0.3336447E+03   0.5271292E+04
  0.4360680E+05   0.5604936E+04   0.3335712E+03   0.5271365E+04
  0.4360710E+05   0.5604935E+04   0.3334983E+03   0.5271437E+04
  0.4360740E+05   0.5604934E+04   0.3334262E+03   0.5271508E+04
  0.4360770E+05   0.5604934E+04   0.3333548E+03   0.5271579E+04
  0.4360800E+05   0.5604933E+04   0.3332842E+03   0.5271649E+04
  0.4360830E+05   0.5604932E+04   0.3332144E+03   0.5271718E+04
  0.4360860E+05   0.5604932E+04   0.3331454E+03   0.5271786E+04
  0.4360890E+05   0.5604931E+04   0.3330771E+03   0.5271854E+04
  0.4360920E+05   0.5604930E+04   0.3330097E+03   0.5271921E+04
  0.4360950E+05   0.5604930E+04   0.3329431E+03   0.5271986E+04
  0.4360980E+05   0.5604930E+04   0.3328774E+03   0.5272053E+04
  0.4361010E+05   0.5604929E+04   0.3328125E+03   0.5272117E+04
  0.4361040E+05   0.5604929E+04   0.3327484E+03   0.5272180E+04
  0.4361070E+05   0.5604929E+04   0.3326852E+03   0.5272243E+04
  0.4361100E+05   0.5604928E+04   0.3326230E+03   0.5272305E+04
  0.4361130E+05   0.5604928E+04   0.3325616E+03   0.5272367E+04
  0.4361160E+05   0.5604928E+04   0.3325011E+03   0.5272427E+04
  0.4361190E+05   0.5604928E+04   0.3324415E+03   0.5272486E+04
  0.4361220E+05   0.5604927E+04   0.3323829E+03   0.5272545E+04
  0.4361250E+05   0.5604926E+04   0.3323252E+03   0.5272602E+04
  0.4361280E+05   0.5604926E+04   0.3322684E+03   0.5272658E+04
  0.4361310E+05   0.5604925E+04   0.3322126E+03   0.5272714E+04
  0.4361340E+05   0.5604925E+04   0.3321577E+03   0.5272767E+04
  0.4361370E+05   0.5604925E+04   0.3321038E+03   0.5272822E+04
  0.4361400E+05   0.5604925E+04   0.3320509E+03   0.5272874E+04
  0.4361430E+05   0.5604924E+04   0.3319989E+03   0.5272926E+04
  0.4361460E+05   0.5604924E+04   0.3319479E+03   0.5272976E+04
  0.4361490E+05   0.5604923E+04   0.3318978E+03   0.5273026E+04
  0.4361520E+05   0.5604923E+04   0.3318488E+03   0.5273074E+04
  0.4361550E+05   0.5604922E+04   0.3318007E+03   0.5273122E+04
  0.4361580E+05   0.5604922E+04   0.3317537E+03   0.5273169E+04
  0.4361610E+05   0.5604922E+04   0.3317076E+03   0.5273214E+04
  0.4361640E+05   0.5604921E+04   0.3316625E+03   0.5273259E+04
  0.4361670E+05   0.5604921E+04   0.3316185E+03   0.5273303E+04
  0.4361700E+05   0.5604920E+04   0.3315755E+03   0.5273345E+04
  0.4361730E+05   0.5604919E+04   0.3315335E+03   0.5273386E+04
  0.4361760E+05   0.5604919E+04   0.3314925E+03   0.5273427E+04
  0.4361790E+05   0.5604920E+04   0.3314526E+03   0.5273467E+04
  0.4361820E+05   0.5604919E+04   0.3314137E+03   0.5273506E+04
  0.4361850E+05   0.5604919E+04   0.3313758E+03   0.5273544E+04
  0.4361880E+05   0.5604919E+04   0.3313390E+03   0.5273580E+04
  0.4361910E+05   0.5604919E+04   0.3313033E+03   0.5273616E+04
  0.4361940E+05   0.5604918E+04   0.3312685E+03   0.5273650E+04
  0.4361970E+05   0.5604918E+04   0.3312349E+03   0.5273683E+04
  0.4362000E+05   0.5604918E+04   0.3312023E+03   0.5273715E+04
  0.4362030E+05   0.5604917E+04   0.3311707E+03   0.5273748E+04
  0.4362060E+05   0.5604917E+04   0.3311402E+03   0.5273777E+04
  0.4362090E+05   0.5604916E+04   0.3311108E+03   0.5273806E+04
  0.4362120E+05   0.5604916E+04   0.3310824E+03   0.5273834E+04
  0.4362150E+05   0.5604914E+04   0.3310550E+03   0.5273860E+04
  0.4362180E+05   0.5604915E+04   0.3310287E+03   0.5273886E+04
  0.4362210E+05   0.5604914E+04   0.3310035E+03   0.5273911E+04
  0.4362240E+05   0.5604914E+04   0.3309793E+03   0.5273934E+04
  0.4362270E+05   0.5604913E+04   0.3309561E+03   0.5273958E+04
  0.4362300E+05   0.5604913E+04   0.3309340E+03   0.5273979E+04
  0.4362330E+05   0.5604912E+04   0.3309129E+03   0.5274000E+04
  0.4362360E+05   0.5604912E+04   0.3308929E+03   0.5274019E+04
  0.4362390E+05   0.5604911E+04   0.3308738E+03   0.5274038E+04
  0.4362420E+05   0.5604911E+04   0.3308559E+03   0.5274055E+04
  0.4362450E+05   0.5604910E+04   0.3308389E+03   0.5274072E+04
  0.4362480E+05   0.5604910E+04   0.3308230E+03   0.5274087E+04
  0.4362510E+05   0.5604910E+04   0.3308082E+03   0.5274102E+04
  0.4362540E+05   0.5604909E+04   0.3307943E+03   0.5274115E+04
  0.4362570E+05   0.5604909E+04   0.3307815E+03   0.5274128E+04
  0.4362600E+05   0.5604909E+04   0.3307698E+03   0.5274139E+04
  0.4362630E+05   0.5604908E+04   0.3307590E+03   0.5274149E+04
  0.4362660E+05   0.5604908E+04   0.3307493E+03   0.5274159E+04
  0.4362690E+05   0.5604907E+04   0.3307405E+03   0.5274167E+04
  0.4362720E+05   0.5604906E+04   0.3307328E+03   0.5274174E+04
  0.4362750E+05   0.5604906E+04   0.3307261E+03   0.5274179E+04
  0.4362780E+05   0.5604904E+04   0.3307204E+03   0.5274185E+04
  0.4362810E+05   0.5604905E+04   0.3307157E+03   0.5274188E+04
  0.4362840E+05   0.5604903E+04   0.3307120E+03   0.5274192E+04
  0.4362870E+05   0.5604903E+04   0.3307092E+03   0.5274193E+04
  0.4362900E+05   0.5604901E+04   0.3307075E+03   0.5274196E+04
  0.4362930E+05   0.5604901E+04   0.3307066E+03   0.5274194E+04
  0.4362960E+05   0.5604901E+04   0.3307068E+03   0.5274194E+04
  0.4362990E+05   0.5604899E+04   0.3307079E+03   0.5274193E+04
  0.4363020E+05   0.5604898E+04   0.3307099E+03   0.5274189E+04
  0.4363050E+05   0.5604896E+04   0.3307128E+03   0.5274185E+04
  0.4363080E+05   0.5604896E+04   0.3307167E+03   0.5274179E+04
  0.4363110E+05   0.5604895E+04   0.3307214E+03   0.5274175E+04
  0.4363140E+05   0.5604895E+04   0.3307271E+03   0.5274168E+04
  0.4363170E+05   0.5604894E+04   0.3307336E+03   0.5274161E+04
  0.4363200E+05   0.5604893E+04   0.3307411E+03   0.5274152E+04
  0.4363230E+05   0.5604892E+04   0.3307494E+03   0.5274143E+04
  0.4363260E+05   0.5604891E+04   0.3307586E+03   0.5274133E+04
  0.4363290E+05   0.5604889E+04   0.3307686E+03   0.5274122E+04
  0.4363320E+05   0.5604889E+04   0.3307795E+03   0.5274109E+04
  0.4363350E+05   0.5604888E+04   0.3307912E+03   0.5274098E+04
  0.4363380E+05   0.5604888E+04   0.3308038E+03   0.5274084E+04
  0.4363410E+05   0.5604887E+04   0.3308172E+03   0.5274071E+04
  0.4363440E+05   0.5604886E+04   0.3308315E+03   0.5274055E+04
  0.4363470E+05   0.5604885E+04   0.3308465E+03   0.5274039E+04
  0.4363500E+05   0.5604885E+04   0.3308624E+03   0.5274023E+04
  0.4363530E+05   0.5604884E+04   0.3308791E+03   0.5274005E+04
  0.4363560E+05   0.5604883E+04   0.3308965E+03   0.5273987E+04
  0.4363590E+05   0.5604883E+04   0.3309147E+03   0.5273969E+04
  0.4363620E+05   0.5604882E+04   0.3309337E+03   0.5273949E+04
  0.4363650E+05   0.5604882E+04   0.3309535E+03   0.5273929E+04
  0.4363680E+05   0.5604881E+04   0.3309740E+03   0.5273908E+04
  0.4363710E+05   0.5604881E+04   0.3309953E+03   0.5273886E+04
  0.4363740E+05   0.5604880E+04   0.3310173E+03   0.5273863E+04
  0.4363770E+05   0.5604881E+04   0.3310399E+03   0.5273840E+04
  0.4363800E+05   0.5604879E+04   0.3310633E+03   0.5273818E+04
  0.4363830E+05   0.5604880E+04   0.3310874E+03   0.5273792E+04
  0.4363860E+05   0.5604878E+04   0.3311121E+03   0.5273768E+04
  0.4363890E+05   0.5604879E+04   0.3311375E+03   0.5273741E+04
  0.4363920E+05   0.5604877E+04   0.3311635E+03   0.5273715E+04
  0.4363950E+05   0.5604878E+04   0.3311901E+03   0.5273687E+04
  0.4363980E+05   0.5604876E+04   0.3312173E+03   0.5273660E+04
  0.4364010E+05   0.5604877E+04   0.3312451E+03   0.5273631E+04
  0.4364040E+05   0.5604875E+04   0.3312735E+03   0.5273603E+04
  0.4364070E+05   0.5604876E+04   0.3313025E+03   0.5273573E+04
  0.4364100E+05   0.5604874E+04   0.3313320E+03   0.5273544E+04
  0.4364130E+05   0.5604874E+04   0.3313621E+03   0.5273512E+04
  0.4364160E+05   0.5604873E+04   0.3313927E+03   0.5273482E+04
  0.4364190E+05   0.5604873E+04   0.3314238E+03   0.5273449E+04
  0.4364220E+05   0.5604871E+04   0.3314554E+03   0.5273417E+04
  0.4364250E+05   0.5604871E+04   0.3314875E+03   0.5273384E+04
  0.4364280E+05   0.5604871E+04   0.3315201E+03   0.5273351E+04
  0.4364310E+05   0.5604869E+04   0.3315531E+03   0.5273317E+04
  0.4364340E+05   0.5604868E+04   0.3315866E+03   0.5273282E+04
  0.4364370E+05   0.5604867E+04   0.3316206E+03   0.5273247E+04
  0.4364400E+05   0.5604865E+04   0.3316549E+03   0.5273212E+04
  0.4364430E+05   0.5604866E+04   0.3316897E+03   0.5273176E+04
  0.4364460E+05   0.5604864E+04   0.3317248E+03   0.5273141E+04
  0.4364490E+05   0.5604864E+04   0.3317604E+03   0.5273103E+04
  0.4364520E+05   0.5604863E+04   0.3317963E+03   0.5273068E+04
  0.4364550E+05   0.5604863E+04   0.3318325E+03   0.5273031E+04
  0.4364580E+05   0.5604862E+04   0.3318691E+03   0.5272993E+04
  0.4364610E+05   0.5604861E+04   0.3319060E+03   0.5272956E+04
  0.4364640E+05   0.5604861E+04   0.3319432E+03   0.5272918E+04
  0.4364670E+05   0.5604860E+04   0.3319808E+03   0.5272880E+04
  0.4364700E+05   0.5604859E+04   0.3320185E+03   0.5272841E+04
  0.4364730E+05   0.5604859E+04   0.3320566E+03   0.5272803E+04
  0.4364760E+05   0.5604858E+04   0.3320949E+03   0.5272764E+04
  0.4364790E+05   0.5604858E+04   0.3321334E+03   0.5272725E+04
  0.4364820E+05   0.5604857E+04   0.3321722E+03   0.5272685E+04
  0.4364850E+05   0.5604857E+04   0.3322112E+03   0.5272646E+04
  0.4364880E+05   0.5604856E+04   0.3322504E+03   0.5272606E+04
  0.4364910E+05   0.5604856E+04   0.3322897E+03   0.5272566E+04
  0.4364940E+05   0.5604855E+04   0.3323292E+03   0.5272526E+04
  0.4364970E+05   0.5604855E+04   0.3323689E+03   0.5272486E+04
  0.4365000E+05   0.5604854E+04   0.3324088E+03   0.5272446E+04
  0.4365030E+05   0.5604854E+04   0.3324487E+03   0.5272406E+04
  0.4365060E+05   0.5604854E+04   0.3324888E+03   0.5272365E+04
  0.4365090E+05   0.5604853E+04   0.3325290E+03   0.5272324E+04
  0.4365120E+05   0.5604853E+04   0.3325692E+03   0.5272284E+04
  0.4365150E+05   0.5604852E+04   0.3326096E+03   0.5272243E+04
  0.4365180E+05   0.5604852E+04   0.3326500E+03   0.5272202E+04
  0.4365210E+05   0.5604852E+04   0.3326905E+03   0.5272162E+04
  0.4365240E+05   0.5604852E+04   0.3327310E+03   0.5272121E+04
  0.4365270E+05   0.5604852E+04   0.3327716E+03   0.5272080E+04
  0.4365300E+05   0.5604852E+04   0.3328122E+03   0.5272039E+04
  0.4365330E+05   0.5604852E+04   0.3328528E+03   0.5271999E+04
  0.4365360E+05   0.5604852E+04   0.3328935E+03   0.5271958E+04
  0.4365390E+05   0.5604852E+04   0.3329342E+03   0.5271917E+04
  0.4365420E+05   0.5604851E+04   0.3329748E+03   0.5271877E+04
  0.4365450E+05   0.5604852E+04   0.3330155E+03   0.5271835E+04
  0.4365480E+05   0.5604852E+04   0.3330561E+03   0.5271796E+04
  0.4365510E+05   0.5604852E+04   0.3330967E+03   0.5271755E+04
  0.4365540E+05   0.5604853E+04   0.3331372E+03   0.5271715E+04
  0.4365570E+05   0.5604854E+04   0.3331777E+03   0.5271675E+04
  0.4365600E+05   0.5604853E+04   0.3332182E+03   0.5271636E+04
  0.4365630E+05   0.5604854E+04   0.3332586E+03   0.5271595E+04
  0.4365660E+05   0.5604854E+04   0.3332988E+03   0.5271556E+04
  0.4365690E+05   0.5604855E+04   0.3333390E+03   0.5271515E+04
  0.4365720E+05   0.5604856E+04   0.3333791E+03   0.5271476E+04
  0.4365750E+05   0.5604855E+04   0.3334190E+03   0.5271437E+04
  0.4365780E+05   0.5604855E+04   0.3334588E+03   0.5271396E+04
  0.4365810E+05   0.5604855E+04   0.3334985E+03   0.5271357E+04
  0.4365840E+05   0.5604855E+04   0.3335380E+03   0.5271317E+04
  0.4365870E+05   0.5604855E+04   0.3335773E+03   0.5271278E+04
  0.4365900E+05   0.5604856E+04   0.3336165E+03   0.5271239E+04
  0.4365930E+05   0.5604856E+04   0.3336555E+03   0.5271201E+04
  0.4365960E+05   0.5604857E+04   0.3336943E+03   0.5271162E+04
  0.4365990E+05   0.5604856E+04   0.3337330E+03   0.5271124E+04
  0.4366020E+05   0.5604857E+04   0.3337714E+03   0.5271085E+04
  0.4366050E+05   0.5604857E+04   0.3338097E+03   0.5271048E+04
  0.4366080E+05   0.5604857E+04   0.3338479E+03   0.5271009E+04
  0.4366110E+05   0.5604857E+04   0.3338858E+03   0.5270971E+04
  0.4366140E+05   0.5604857E+04   0.3339235E+03   0.5270934E+04
  0.4366170E+05   0.5604858E+04   0.3339611E+03   0.5270896E+04
  0.4366200E+05   0.5604859E+04   0.3339985E+03   0.5270860E+04
  0.4366230E+05   0.5604860E+04   0.3340357E+03   0.5270823E+04
  0.4366260E+05   0.5604860E+04   0.3340727E+03   0.5270787E+04
  0.4366290E+05   0.5604861E+04   0.3341095E+03   0.5270750E+04
  0.4366320E+05   0.5604860E+04   0.3341461E+03   0.5270715E+04
  0.4366350E+05   0.5604860E+04   0.3341825E+03   0.5270678E+04
  0.4366380E+05   0.5604861E+04   0.3342186E+03   0.5270642E+04
  0.4366410E+05   0.5604862E+04   0.3342546E+03   0.5270606E+04
  0.4366440E+05   0.5604861E+04   0.3342904E+03   0.5270572E+04
  0.4366470E+05   0.5604862E+04   0.3343260E+03   0.5270535E+04
  0.4366500E+05   0.5604861E+04   0.3343614E+03   0.5270501E+04
  0.4366530E+05   0.5604862E+04   0.3343965E+03   0.5270465E+04
  0.4366560E+05   0.5604862E+04   0.3344315E+03   0.5270431E+04
  0.4366590E+05   0.5604862E+04   0.3344662E+03   0.5270396E+04
  0.4366620E+05   0.5604862E+04   0.3345007E+03   0.5270362E+04
  0.4366650E+05   0.5604862E+04   0.3345350E+03   0.5270327E+04
  0.4366680E+05   0.5604861E+04   0.3345691E+03   0.5270293E+04
  0.4366710E+05   0.5604861E+04   0.3346030E+03   0.5270259E+04
  0.4366740E+05   0.5604861E+04   0.3346367E+03   0.5270225E+04
  0.4366770E+05   0.5604862E+04   0.3346702E+03   0.5270191E+04
  0.4366800E+05   0.5604862E+04   0.3347034E+03   0.5270159E+04
  0.4366830E+05   0.5604861E+04   0.3347365E+03   0.5270125E+04
  0.4366860E+05   0.5604862E+04   0.3347694E+03   0.5270092E+04
  0.4366890E+05   0.5604861E+04   0.3348021E+03   0.5270060E+04
  0.4366920E+05   0.5604862E+04   0.3348346E+03   0.5270027E+04
  0.4366950E+05   0.5604862E+04   0.3348669E+03   0.5269996E+04
  0.4366980E+05   0.5604862E+04   0.3348990E+03   0.5269964E+04
  0.4367010E+05   0.5604862E+04   0.3349309E+03   0.5269932E+04
  0.4367040E+05   0.5604862E+04   0.3349626E+03   0.5269900E+04
  0.4367070E+05   0.5604862E+04   0.3349941E+03   0.5269868E+04
  0.4367100E+05   0.5604862E+04   0.3350254E+03   0.5269837E+04
  0.4367130E+05   0.5604862E+04   0.3350565E+03   0.5269806E+04
  0.4367160E+05   0.5604862E+04   0.3350874E+03   0.5269775E+04
  0.4367190E+05   0.5604862E+04   0.3351181E+03   0.5269744E+04
  0.4367220E+05   0.5604862E+04   0.3351487E+03   0.5269714E+04
  0.4367250E+05   0.5604862E+04   0.3351791E+03   0.5269683E+04
  0.4367280E+05   0.5604861E+04   0.3352093E+03   0.5269653E+04
  0.4367310E+05   0.5604862E+04   0.3352393E+03   0.5269622E+04
  0.4367340E+05   0.5604861E+04   0.3352692E+03   0.5269593E+04
  0.4367370E+05   0.5604862E+04   0.3352989E+03   0.5269563E+04
  0.4367400E+05   0.5604862E+04   0.3353284E+03   0.5269534E+04
  0.4367430E+05   0.5604861E+04   0.3353578E+03   0.5269504E+04
  0.4367460E+05   0.5604862E+04   0.3353870E+03   0.5269474E+04
  0.4367490E+05   0.5604862E+04   0.3354161E+03   0.5269446E+04
  0.4367520E+05   0.5604862E+04   0.3354450E+03   0.5269417E+04
  0.4367550E+05   0.5604861E+04   0.3354737E+03   0.5269389E+04
  0.4367580E+05   0.5604862E+04   0.3355023E+03   0.5269359E+04
  0.4367610E+05   0.5604862E+04   0.3355307E+03   0.5269332E+04
  0.4367640E+05   0.5604862E+04   0.3355590E+03   0.5269304E+04
  0.4367670E+05   0.5604862E+04   0.3355871E+03   0.5269276E+04
  0.4367700E+05   0.5604862E+04   0.3356151E+03   0.5269247E+04
  0.4367730E+05   0.5604862E+04   0.3356429E+03   0.5269220E+04
  0.4367760E+05   0.5604862E+04   0.3356707E+03   0.5269192E+04
  0.4367790E+05   0.5604862E+04   0.3356982E+03   0.5269164E+04
  0.4367820E+05   0.5604862E+04   0.3357257E+03   0.5269137E+04
  0.4367850E+05   0.5604862E+04   0.3357530E+03   0.5269109E+04
  0.4367880E+05   0.5604862E+04   0.3357803E+03   0.5269082E+04
  0.4367910E+05   0.5604862E+04   0.3358074E+03   0.5269055E+04
  0.4367940E+05   0.5604862E+04   0.3358343E+03   0.5269027E+04
  0.4367970E+05   0.5604861E+04   0.3358612E+03   0.5269000E+04
  0.4368000E+05   0.5604861E+04   0.3358880E+03   0.5268974E+04
  0.4368030E+05   0.5604861E+04   0.3359147E+03   0.5268947E+04
  0.4368060E+05   0.5604861E+04   0.3359413E+03   0.5268920E+04
  0.4368090E+05   0.5604861E+04   0.3359678E+03   0.5268893E+04
  0.4368120E+05   0.5604859E+04   0.3359942E+03   0.5268867E+04
  0.4368150E+05   0.5604860E+04   0.3360206E+03   0.5268839E+04
  0.4368180E+05   0.5604859E+04   0.3360469E+03   0.5268814E+04
  0.4368210E+05   0.5604860E+04   0.3360731E+03   0.5268786E+04
  0.4368240E+05   0.5604859E+04   0.3360993E+03   0.5268761E+04
  0.4368270E+05   0.5604860E+04   0.3361254E+03   0.5268734E+04
  0.4368300E+05   0.5604859E+04   0.3361514E+03   0.5268708E+04
  0.4368330E+05   0.5604859E+04   0.3361774E+03   0.5268682E+04
  0.4368360E+05   0.5604859E+04   0.3362034E+03   0.5268656E+04
  0.4368390E+05   0.5604859E+04   0.3362293E+03   0.5268630E+04
  0.4368420E+05   0.5604859E+04   0.3362551E+03   0.5268604E+04
  0.4368450E+05   0.5604859E+04   0.3362810E+03   0.5268578E+04
  0.4368480E+05   0.5604859E+04   0.3363068E+03   0.5268552E+04
  0.4368510E+05   0.5604858E+04   0.3363326E+03   0.5268526E+04
  0.4368540E+05   0.5604858E+04   0.3363584E+03   0.5268500E+04
  0.4368570E+05   0.5604858E+04   0.3363842E+03   0.5268474E+04
  0.4368600E+05   0.5604858E+04   0.3364099E+03   0.5268448E+04
  0.4368630E+05   0.5604857E+04   0.3364357E+03   0.5268423E+04
  0.4368660E+05   0.5604858E+04   0.3364615E+03   0.5268396E+04
  0.4368690E+05   0.5604858E+04   0.3364873E+03   0.5268371E+04
  0.4368720E+05   0.5604858E+04   0.3365132E+03   0.5268345E+04
  0.4368750E+05   0.5604859E+04   0.3365390E+03   0.5268319E+04
  0.4368780E+05   0.5604858E+04   0.3365649E+03   0.5268294E+04
  0.4368810E+05   0.5604859E+04   0.3365908E+03   0.5268267E+04
  0.4368840E+05   0.5604857E+04   0.3366167E+03   0.5268242E+04
  0.4368870E+05   0.5604858E+04   0.3366427E+03   0.5268215E+04
  0.4368900E+05   0.5604857E+04   0.3366687E+03   0.5268189E+04
  0.4368930E+05   0.5604857E+04   0.3366947E+03   0.5268162E+04
  0.4368960E+05   0.5604857E+04   0.3367207E+03   0.5268136E+04
  0.4368990E+05   0.5604856E+04   0.3367468E+03   0.5268110E+04
  0.4369020E+05   0.5604856E+04   0.3367730E+03   0.5268084E+04
  0.4369050E+05   0.5604856E+04   0.3367992E+03   0.5268057E+04
  0.4369080E+05   0.5604855E+04   0.3368254E+03   0.5268030E+04
  0.4369110E+05   0.5604855E+04   0.3368517E+03   0.5268004E+04
  0.4369140E+05   0.5604855E+04   0.3368780E+03   0.5267977E+04
  0.4369170E+05   0.5604856E+04   0.3369044E+03   0.5267951E+04
  0.4369200E+05   0.5604855E+04   0.3369308E+03   0.5267925E+04
  0.4369230E+05   0.5604855E+04   0.3369573E+03   0.5267898E+04
  0.4369260E+05   0.5604855E+04   0.3369839E+03   0.5267872E+04
  0.4369290E+05   0.5604855E+04   0.3370105E+03   0.5267845E+04
  0.4369320E+05   0.5604855E+04   0.3370371E+03   0.5267818E+04
  0.4369350E+05   0.5604855E+04   0.3370638E+03   0.5267792E+04
  0.4369380E+05   0.5604856E+04   0.3370905E+03   0.5267765E+04
  0.4369410E+05   0.5604856E+04   0.3371173E+03   0.5267738E+04
  0.4369440E+05   0.5604856E+04   0.3371441E+03   0.5267712E+04
  0.4369470E+05   0.5604856E+04   0.3371709E+03   0.5267685E+04
  0.4369500E+05   0.5604856E+04   0.3371978E+03   0.5267658E+04
  0.4369530E+05   0.5604856E+04   0.3372247E+03   0.5267631E+04
  0.4369560E+05   0.5604856E+04   0.3372517E+03   0.5267605E+04
  0.4369590E+05   0.5604856E+04   0.3372787E+03   0.5267578E+04
  0.4369620E+05   0.5604857E+04   0.3373057E+03   0.5267551E+04
  0.4369650E+05   0.5604857E+04   0.3373327E+03   0.5267524E+04
  0.4369680E+05   0.5604857E+04   0.3373598E+03   0.5267497E+04
  0.4369710E+05   0.5604857E+04   0.3373869E+03   0.5267470E+04
  0.4369740E+05   0.5604857E+04   0.3374140E+03   0.5267444E+04
  0.4369770E+05   0.5604858E+04   0.3374412E+03   0.5267417E+04
  0.4369800E+05   0.5604858E+04   0.3374684E+03   0.5267390E+04
  0.4369830E+05   0.5604858E+04   0.3374956E+03   0.5267363E+04
  0.4369860E+05   0.5604858E+04   0.3375228E+03   0.5267336E+04
  0.4369890E+05   0.5604859E+04   0.3375501E+03   0.5267309E+04
  0.4369920E+05   0.5604859E+04   0.3375773E+03   0.5267282E+04
  0.4369950E+05   0.5604859E+04   0.3376046E+03   0.5267255E+04
  0.4369980E+05   0.5604860E+04   0.3376319E+03   0.5267228E+04
  0.4370010E+05   0.5604860E+04   0.3376591E+03   0.5267201E+04
  0.4370040E+05   0.5604860E+04   0.3376863E+03   0.5267174E+04
  0.4370070E+05   0.5604861E+04   0.3377135E+03   0.5267147E+04
  0.4370100E+05   0.5604862E+04   0.3377407E+03   0.5267120E+04
  0.4370130E+05   0.5604861E+04   0.3377678E+03   0.5267095E+04
  0.4370160E+05   0.5604862E+04   0.3377949E+03   0.5267067E+04
  0.4370190E+05   0.5604862E+04   0.3378219E+03   0.5267040E+04
  0.4370220E+05   0.5604862E+04   0.3378489E+03   0.5267013E+04
  0.4370250E+05   0.5604862E+04   0.3378758E+03   0.5266987E+04
  0.4370280E+05   0.5604863E+04   0.3379027E+03   0.5266959E+04
  0.4370310E+05   0.5604863E+04   0.3379295E+03   0.5266934E+04
  0.4370340E+05   0.5604864E+04   0.3379562E+03   0.5266908E+04
  0.4370370E+05   0.5604864E+04   0.3379829E+03   0.5266881E+04
  0.4370400E+05   0.5604864E+04   0.3380095E+03   0.5266855E+04
  0.4370430E+05   0.5604864E+04   0.3380360E+03   0.5266829E+04
  0.4370460E+05   0.5604863E+04   0.3380625E+03   0.5266802E+04
  0.4370490E+05   0.5604865E+04   0.3380888E+03   0.5266775E+04
  0.4370520E+05   0.5604864E+04   0.3381151E+03   0.5266750E+04
  0.4370550E+05   0.5604865E+04   0.3381412E+03   0.5266724E+04
  0.4370580E+05   0.5604865E+04   0.3381673E+03   0.5266698E+04
  0.4370610E+05   0.5604865E+04   0.3381932E+03   0.5266672E+04
  0.4370640E+05   0.5604866E+04   0.3382190E+03   0.5266646E+04
  0.4370670E+05   0.5604865E+04   0.3382447E+03   0.5266622E+04
  0.4370700E+05   0.5604865E+04   0.3382703E+03   0.5266596E+04
  0.4370730E+05   0.5604865E+04   0.3382957E+03   0.5266570E+04
  0.4370760E+05   0.5604866E+04   0.3383210E+03   0.5266545E+04
  0.4370790E+05   0.5604866E+04   0.3383462E+03   0.5266521E+04
  0.4370820E+05   0.5604866E+04   0.3383712E+03   0.5266495E+04
  0.4370850E+05   0.5604866E+04   0.3383961E+03   0.5266470E+04
  0.4370880E+05   0.5604866E+04   0.3384207E+03   0.5266446E+04
  0.4370910E+05   0.5604866E+04   0.3384453E+03   0.5266421E+04
  0.4370940E+05   0.5604866E+04   0.3384696E+03   0.5266397E+04
  0.4370970E+05   0.5604866E+04   0.3384938E+03   0.5266373E+04
  0.4371000E+05   0.5604866E+04   0.3385178E+03   0.5266349E+04
  0.4371030E+05   0.5604866E+04   0.3385417E+03   0.5266325E+04
  0.4371060E+05   0.5604865E+04   0.3385653E+03   0.5266301E+04
  0.4371090E+05   0.5604865E+04   0.3385888E+03   0.5266277E+04
  0.4371120E+05   0.5604865E+04   0.3386121E+03   0.5266253E+04
  0.4371150E+05   0.5604863E+04   0.3386352E+03   0.5266230E+04
  0.4371180E+05   0.5604864E+04   0.3386581E+03   0.5266206E+04
  0.4371210E+05   0.5604864E+04   0.3386807E+03   0.5266184E+04
  0.4371240E+05   0.5604864E+04   0.3387032E+03   0.5266161E+04
  0.4371270E+05   0.5604863E+04   0.3387255E+03   0.5266139E+04
  0.4371300E+05   0.5604863E+04   0.3387476E+03   0.5266116E+04
  0.4371330E+05   0.5604862E+04   0.3387694E+03   0.5266094E+04
  0.4371360E+05   0.5604862E+04   0.3387910E+03   0.5266072E+04
  0.4371390E+05   0.5604862E+04   0.3388124E+03   0.5266050E+04
  0.4371420E+05   0.5604861E+04   0.3388336E+03   0.5266029E+04
  0.4371450E+05   0.5604861E+04   0.3388545E+03   0.5266007E+04
  0.4371480E+05   0.5604859E+04   0.3388752E+03   0.5265986E+04
  0.4371510E+05   0.5604860E+04   0.3388957E+03   0.5265964E+04
  0.4371540E+05   0.5604859E+04   0.3389159E+03   0.5265945E+04
  0.4371570E+05   0.5604858E+04   0.3389358E+03   0.5265924E+04
  0.4371600E+05   0.5604859E+04   0.3389555E+03   0.5265904E+04
  0.4371630E+05   0.5604859E+04   0.3389749E+03   0.5265885E+04
  0.4371660E+05   0.5604858E+04   0.3389940E+03   0.5265865E+04
  0.4371690E+05   0.5604858E+04   0.3390128E+03   0.5265846E+04
  0.4371720E+05   0.5604859E+04   0.3390314E+03   0.5265828E+04
  0.4371750E+05   0.5604858E+04   0.3390496E+03   0.5265810E+04
  0.4371780E+05   0.5604858E+04   0.3390675E+03   0.5265791E+04
  0.4371810E+05   0.5604857E+04   0.3390852E+03   0.5265774E+04
  0.4371840E+05   0.5604857E+04   0.3391024E+03   0.5265755E+04
  0.4371870E+05   0.5604857E+04   0.3391194E+03   0.5265738E+04
  0.4371900E+05   0.5604856E+04   0.3391360E+03   0.5265721E+04
  0.4371930E+05   0.5604856E+04   0.3391522E+03   0.5265705E+04
  0.4371960E+05   0.5604856E+04   0.3391681E+03   0.5265689E+04
  0.4371990E+05   0.5604856E+04   0.3391836E+03   0.5265673E+04
  0.4372020E+05   0.5604855E+04   0.3391988E+03   0.5265657E+04
  0.4372050E+05   0.5604855E+04   0.3392137E+03   0.5265642E+04
  0.4372080E+05   0.5604855E+04   0.3392281E+03   0.5265627E+04
  0.4372110E+05   0.5604854E+04   0.3392422E+03   0.5265613E+04
  0.4372140E+05   0.5604854E+04   0.3392560E+03   0.5265599E+04
  0.4372170E+05   0.5604854E+04   0.3392694E+03   0.5265585E+04
  0.4372200E+05   0.5604853E+04   0.3392824E+03   0.5265572E+04
  0.4372230E+05   0.5604853E+04   0.3392950E+03   0.5265559E+04
  0.4372260E+05   0.5604853E+04   0.3393072E+03   0.5265546E+04
  0.4372290E+05   0.5604852E+04   0.3393191E+03   0.5265535E+04
  0.4372320E+05   0.5604852E+04   0.3393306E+03   0.5265522E+04
  0.4372350E+05   0.5604851E+04   0.3393417E+03   0.5265510E+04
  0.4372380E+05   0.5604851E+04   0.3393524E+03   0.5265499E+04
  0.4372410E+05   0.5604850E+04   0.3393628E+03   0.5265489E+04
  0.4372440E+05   0.5604851E+04   0.3393727E+03   0.5265477E+04
  0.4372470E+05   0.5604850E+04   0.3393823E+03   0.5265468E+04
  0.4372500E+05   0.5604850E+04   0.3393915E+03   0.5265459E+04
  0.4372530E+05   0.5604849E+04   0.3394004E+03   0.5265449E+04
  0.4372560E+05   0.5604849E+04   0.3394088E+03   0.5265441E+04
  0.4372590E+05   0.5604849E+04   0.3394169E+03   0.5265432E+04
  0.4372620E+05   0.5604848E+04   0.3394246E+03   0.5265424E+04
  0.4372650E+05   0.5604848E+04   0.3394319E+03   0.5265416E+04
  0.4372680E+05   0.5604848E+04   0.3394388E+03   0.5265409E+04
  0.4372710E+05   0.5604847E+04   0.3394454E+03   0.5265402E+04
  0.4372740E+05   0.5604847E+04   0.3394516E+03   0.5265396E+04
  0.4372770E+05   0.5604847E+04   0.3394574E+03   0.5265389E+04
  0.4372800E+05   0.5604846E+04   0.3394628E+03   0.5265384E+04
  0.4372830E+05   0.5604846E+04   0.3394679E+03   0.5265378E+04
  0.4372860E+05   0.5604846E+04   0.3394726E+03   0.5265373E+04
  0.4372890E+05   0.5604846E+04   0.3394770E+03   0.5265369E+04
  0.4372920E+05   0.5604845E+04   0.3394810E+03   0.5265364E+04
  0.4372950E+05   0.5604845E+04   0.3394847E+03   0.5265360E+04
  0.4372980E+05   0.5604845E+04   0.3394881E+03   0.5265357E+04
  0.4373010E+05   0.5604845E+04   0.3394910E+03   0.5265354E+04
  0.4373040E+05   0.5604845E+04   0.3394937E+03   0.5265351E+04
